2 9
2 11 8 9 1 9 4 5 10
5 7 16 5 8 5 6 0 13
17
2 8 2 5
2 6 2 1
1 8 2 9
1 3 1 8
1 3 2 4
2 1 2 7
1 6 2 5
1 5 2 7
2 6 2 5
2 4 2 9
2 4 2 7
1 9 2 6
1 5 2 2
2 3 2 2
2 3 2 8
1 4 2 9
2 5 2 4
4 6
12 14 9 7 3 11
7 23 0 7 1 10
5 2 20 10 21 0
20 13 10 22 10 2
19
3 3 4 4
2 2 4 5
3 2 3 2
3 5 2 4
3 3 4 4
2 3 1 2
4 2 3 6
1 3 2 1
2 6 4 2
4 4 1 2
2 4 3 5
2 4 1 4
3 6 1 2
2 5 3 2
1 4 4 5
3 6 4 2
1 2 4 5
4 4 2 6
4 3 4 5
8 2
2 6
3 15
4 11
15 8
1 6
12 9
3 7
7 14
31
7 1 8 2
7 2 7 2
7 1 7 1
3 1 7 1
3 2 7 2
3 1 3 1
3 2 5 2
7 2 8 2
1 2 2 2
5 1 1 2
6 2 1 1
7 1 5 1
5 2 5 1
3 1 6 2
6 2 8 2
2 1 4 2
4 2 5 2
1 1 1 2
7 1 7 1
3 2 3 2
3 1 7 1
5 2 5 2
7 1 3 1
1 2 5 1
8 1 1 2
4 2 7 1
4 2 8 2
8 2 1 1
7 1 8 1
2 2 6 1
8 2 5 1
1 2
0 1
34
1 2 1 2
1 1 1 1
1 1 1 2
1 2 1 1
1 2 1 2
1 1 1 1
1 2 1 1
1 2 1 1
1 1 1 1
1 2 1 2
1 1 1 2
1 2 1 1
1 1 1 1
1 1 1 2
1 1 1 1
1 2 1 2
1 1 1 1
1 1 1 1
1 1 1 2
1 2 1 1
1 2 1 1
1 2 1 2
1 2 1 2
1 2 1 2
1 1 1 2
1 1 1 2
1 1 1 1
1 1 1 1
1 1 1 2
1 1 1 1
1 2 1 2
1 2 1 1
1 2 1 1
1 1 1 2
2 1
0
0
20
2 1 2 1
1 1 1 1
1 1 1 1
2 1 1 1
1 1 2 1
2 1 2 1
1 1 1 1
1 1 2 1
2 1 2 1
1 1 2 1
1 1 1 1
2 1 1 1
2 1 1 1
1 1 2 1
1 1 1 1
1 1 2 1
2 1 1 1
2 1 1 1
2 1 1 1
1 1 2 1
2 4
5 0 5 6
0 5 7 7
5
2 2 1 3
1 1 2 1
1 3 1 4
2 1 1 3
2 1 2 4
9 5
40 44 26 15 41
6 10 33 29 25
44 21 43 13 31
30 3 25 15 27
11 12 10 23 16
34 16 18 23 41
1 40 21 10 37
38 40 8 41 7
44 14 10 19 16
8
7 1 8 4
8 1 4 3
3 3 9 3
7 4 2 4
1 3 5 2
3 2 6 3
9 5 5 2
4 3 4 4
2 1
0
0
32
1 1 1 1
1 1 2 1
2 1 1 1
2 1 2 1
2 1 2 1
1 1 2 1
1 1 2 1
1 1 1 1
2 1 2 1
2 1 1 1
1 1 1 1
2 1 2 1
1 1 1 1
2 1 2 1
1 1 1 1
1 1 1 1
1 1 1 1
2 1 2 1
1 1 1 1
2 1 1 1
2 1 2 1
1 1 2 1
2 1 2 1
1 1 1 1
1 1 2 1
1 1 2 1
1 1 2 1
1 1 1 1
2 1 1 1
2 1 2 1
2 1 2 1
2 1 2 1
8 7
35 48 13 5 22 27 14
40 51 43 20 48 47 38
23 7 34 52 5 43 3
43 48 42 10 31 5 2
22 5 17 30 32 42 31
46 16 40 25 14 15 9
19 26 13 7 30 24 11
11 11 23 35 52 53 47
33
3 4 2 7
4 2 8 1
7 7 8 2
8 4 6 3
4 3 8 1
5 2 5 6
8 1 8 2
4 4 2 2
6 2 6 5
3 6 1 4
5 3 2 7
2 2 6 1
1 3 7 4
7 5 5 4
1 4 5 3
3 1 2 5
8 2 1 3
2 6 2 6
5 1 4 4
7 4 7 2
3 1 8 4
6 4 8 3
1 7 6 3
8 1 7 3
2 4 3 3
3 4 1 3
6 1 6 2
7 5 2 1
8 5 3 2
2 1 6 3
6 2 3 5
4 2 1 5
4 1 2 1
7 6
9 18 11 27 9 36
14 27 21 11 38 24
28 37 19 7 15 13
14 20 24 2 4 4
0 16 41 40 35 19
39 7 25 12 4 31
16 32 38 5 0 41
1
5 5 7 2
0 0
