4
17
5
9
10
5
1
11
5
1
14
7
13
1
1
20
8
3
1
9
10
23
11
13
1
1
3
16
10
18
5
2
8
16
12
11
5
5
5
12
23
9
13
1
2
10
5
14
19
14
10
10
1
1
10
4
1
20
19
19
6
6
7
19
1
15
2
5
13
1
19
7
9
4
12
15
4
12
IMPOSSIBLE
11
1
2
7
2
2
1
7
2
10
14
2
16
5
12
9
3
1
1
1
10
3
16
3
8
5
12
23
6
7
4
15
20
8
4
1
11
8
3
22
1
5
10
10
1
14
8
21
14
1
19
1
9
21
20
7
13
5
16
1
14
7
10
29
2
8
1
4
12
1
2
IMPOSSIBLE
29
1
31
2
6
4
6
25
13
1
15
4
6
4
7
19
11
10
19
1
2
9
5
1
2
1
13
17
17
2
15
20
11
29
4
2
22
14
1
8
3
21
4
6
1
3
5
2
2
1
8
15
17
1
17
1
1
18
10
3
IMPOSSIBLE
1
1
23
18
4
14
19
6
15
3
21
10
1
10
2
1
5
32
6
17
3
13
9
1
8
18
1
1
12
1
22
13
2
1
2
1
9
3
14
1
4
22
27
10
1
7
9
18
18
13
8
12
8
6
20
4
12
13
2
1
IMPOSSIBLE
2
25
19
20
17
4
1
6
1
3
14
5
12
6
27
1
5
5
12
13
1
6
5
5
1
23
1
1
20
1
2
3
8
2
1
13
5
22
16
11
1
4
22
8
19
2
27
22
1
1
1
12
16
7
1
7
15
16
11
7
1
13
6
25
13
7
10
1
1
14
3
14
30
8
7
9
10
1
7
1
3
11
10
12
20
6
2
1
1
1
19
9
1
4
14
20
8
10
1
24
14
21
1
1
IMPOSSIBLE
4
16
5
12
1
5
18
5
16
15
4
3
3
7
14
19
14
25
14
23
1
1
18
8
9
1
1
6
7
14
14
6
17
16
9
11
1
1
8
8
27
16
6
13
1
30
7
7
1
1
21
18
3
1
15
15
15
10
4
15
24
16
6
1
3
1
7
11
10
16
16
2
1
6
1
4
9
15
11
23
4
16
1
4
17
14
8
11
6
1
1
11
18
7
8
1
2
1
10
23
1
9
5
1
11
20
32
1
3
10
2
1
4
21
7
4
10
20
13
1
1
9
8
4
12
1
1
1
20
11
1
6
15
13
15
5
IMPOSSIBLE
9
11
1
19
10
18
15
39
1
7
1
1
7
11
9
1
2
1
8
12
3
25
22
3
9
4
14
5
13
12
2
9
9
2
12
20
2
8
2
13
6
2
3
3
1
2
1
5
IMPOSSIBLE
9
6
18
1
20
13
22
5
2
14
13
17
2
2
5
21
3
6
7
21
4
3
1
18
10
4
26
2
9
4
7
8
1
14
12
2
5
4
11
1
4
9
23
19
3
8
4
7
10
12
2
20
9
2
10
2
17
6
13
3
3
7
19
4
22
16
1
4
12
1
1
5
22
12
11
22
5
5
4
17
14
14
15
12
3
1
1
11
2
6
26
3
1
4
25
14
19
1
5
21
3
20
